00 00 00 00 00 00 00 08 00 04 00 00 00 00 01 0e 01 18 01 22 
00 00 00 00 00 00 00 08 00 04 00 00 00 00 01 0e 01 18 01 22 
00 00 00 00 00 00 00 09 00 04 00 00 00 00 01 0e 01 18 01 22 
00 ff 00 ff 00 ff 00 ff 00 ff 00 ff 00 ff 00 ff 00 ff 00 ff 
00 00 00 00 00 00 00 09 00 04 00 00 00 00 01 0e 01 18 01 22 
00 00 00 00 00 00 00 09 00 04 00 00 00 00 01 0e 01 18 01 22 
00 00 00 00 00 00 00 0a 00 04 00 00 00 00 01 0e 01 18 01 22 
00 00 00 00 00 00 00 0a 00 04 00 00 00 00 01 0e 01 18 01 22 
00 00 00 00 00 00 00 0a 00 04 00 00 00 00 01 0e 01 18 01 22 
00 00 00 00 00 00 00 0b 00 04 00 00 00 00 01 0e 01 18 01 22 
00 00 00 00 00 00 00 0b 00 04 00 00 00 00 01 0e 01 18 01 22 
00 00 00 00 00 00 00 0b 00 04 00 00 00 00 01 0e 01 18 01 22 
00 00 00 00 00 00 00 0c 00 04 00 00 00 00 01 0e 01 18 01 22 
00 00 00 00 00 00 00 0c 00 04 00 00 00 00 01 0e 01 18 01 22 
00 00 00 00 00 00 00 0c 00 04 00 00 00 00 01 0e 01 18 01 22 
00 00 00 00 00 00 00 0d 00 04 00 00 00 00 01 0e 01 18 01 22 
00 00 00 00 00 00 00 0d 00 04 00 00 00 00 01 0e 01 18 01 22 
00 00 00 00 00 00 00 0d 00 04 00 00 00 00 01 0e 01 18 01 22 
00 00 00 00 00 00 00 0e 00 04 00 00 00 00 01 0e 01 18 01 22 
00 00 00 00 00 00 00 0e 00 04 00 00 00 00 01 0e 01 18 01 22 
00 00 00 00 00 00 00 0e 00 04 00 00 00 00 01 0e 01 18 01 22 
00 00 00 00 00 00 00 0f 00 04 00 00 00 00 01 0e 01 18 01 22 
00 00 00 00 00 00 00 0f 00 04 00 00 00 00 01 0e 01 18 01 22 
00 00 00 00 00 00 00 0f 00 04 00 00 00 00 01 0e 01 18 01 22 
00 00 00 00 00 00 00 10 00 04 00 00 00 00 01 0e 01 18 01 22 
00 00 00 00 00 00 00 10 00 04 00 00 00 00 01 0e 01 18 01 22 
00 00 00 00 00 00 00 10 00 04 00 00 00 00 01 0e 01 18 01 22 
00 00 00 00 00 00 00 11 00 04 00 00 00 00 01 0e 01 18 01 22 
00 00 00 00 00 00 00 11 00 04 00 00 00 00 01 0e 01 18 01 22 
00 00 00 00 00 00 00 11 00 04 00 00 00 00 01 0e 01 18 01 22 
00 00 00 00 00 09 00 36 00 04 00 00 00 00 01 0e 01 18 01 22 
00 00 00 00 00 09 00 37 00 04 00 00 00 00 01 0e 01 18 01 22 
00 00 00 00 00 09 00 37 00 04 00 00 00 00 01 0e 01 18 01 22 
00 ff 00 ff 00 ff 00 ff 00 ff 00 ff 00 ff 00 ff 00 ff 00 ff 
00 00 00 00 00 09 00 37 00 04 00 00 00 00 01 0e 01 18 01 22 
00 00 00 00 00 09 00 38 00 04 00 00 00 00 01 0e 01 18 01 22 
00 00 00 00 00 09 00 38 00 04 00 00 00 00 01 0e 01 18 01 22 
00 00 00 00 00 09 00 38 00 04 00 00 00 00 01 0e 01 18 01 22 
00 00 00 00 00 09 00 39 00 04 00 00 00 00 01 0e 01 18 01 22 
00 00 00 00 00 09 00 39 00 04 00 00 00 00 01 0e 01 18 01 22 
00 00 00 00 00 09 00 39 00 04 00 00 00 00 01 0e 01 18 01 22 
00 00 00 00 00 09 00 3a 00 04 00 00 00 00 01 0e 01 18 01 22 
00 00 00 00 00 09 00 3a 00 04 00 00 00 00 01 0e 01 18 01 22 
00 00 00 00 00 09 00 3a 00 04 00 00 00 00 01 0e 01 18 01 22 
00 ff 00 ff 00 ff 00 ff 00 ff 00 ff 00 ff 00 ff 00 ff 00 ff 
00 00 00 00 00 09 00 3b 00 04 00 00 00 00 01 0e 01 18 01 22 
00 00 00 00 00 0a 00 12 00 04 00 00 00 00 01 0e 01 18 01 22 
00 00 00 00 00 0a 00 12 00 04 00 00 00 00 01 0e 01 18 01 22 
00 00 00 00 00 0a 00 13 00 04 00 00 00 00 01 0e 01 18 01 22 
00 00 00 00 00 0a 00 13 00 04 00 00 00 00 01 0e 01 18 01 22 
00 ff 00 ff 00 ff 00 ff 00 ff 00 ff 00 ff 00 ff 00 ff 00 ff 
00 00 00 00 00 0a 00 13 00 04 00 00 00 00 01 0e 01 18 01 22 
00 00 00 00 00 0a 00 14 00 04 00 00 00 00 01 0e 01 18 01 22 
00 00 00 00 00 0a 00 14 00 04 00 00 00 00 01 0e 01 18 01 22 
00 00 00 00 00 0a 00 14 00 04 00 00 00 00 01 0e 01 18 01 22 
00 00 00 00 00 0a 00 15 00 04 00 00 00 00 01 0e 01 18 01 22 
00 00 00 00 00 0a 00 15 00 04 00 00 00 00 01 0e 01 18 01 22 
00 00 00 00 00 0a 00 15 00 04 00 00 00 00 01 0e 01 18 01 22 
00 00 00 00 00 0a 00 16 00 04 00 00 00 00 01 0e 01 18 01 22 
00 00 00 00 00 0a 00 16 00 04 00 00 00 00 01 0e 01 18 01 22 
00 00 00 00 00 0a 00 16 00 04 00 00 00 00 01 0e 01 18 01 22 
00 00 00 00 00 0a 00 17 00 04 00 00 00 00 01 0e 01 18 01 22 
00 00 00 00 00 0a 00 17 00 04 00 00 00 00 01 0e 01 18 01 22 
00 00 00 00 00 0a 00 17 00 04 00 00 00 00 01 0e 01 18 01 22 
00 00 00 00 00 0a 00 18 00 04 00 00 00 00 01 0e 01 18 01 22 
00 00 00 00 00 0a 00 18 00 04 00 00 00 00 01 0e 01 18 01 22 
00 00 00 00 00 0a 00 18 00 04 00 00 00 00 01 0e 01 18 01 22 
00 00 00 00 00 0a 00 19 00 04 00 00 00 00 01 0e 01 18 01 22 
00 00 00 00 00 0a 00 19 00 04 00 00 00 00 01 0e 01 18 01 22 
00 00 00 00 00 0a 00 19 00 04 00 00 00 00 01 0e 01 18 01 22 
00 00 00 00 00 0a 00 1a 00 04 00 00 00 00 01 0e 01 18 01 22 
00 00 00 00 00 0a 00 1a 00 04 00 00 00 00 01 0e 01 18 01 22 
00 00 00 00 00 0a 00 1a 00 04 00 00 00 00 01 0e 01 18 01 22 
00 00 00 00 00 0a 00 1b 00 04 00 00 00 00 01 0e 01 18 01 22 
00 00 00 00 00 0a 00 1b 00 04 00 00 00 00 01 0e 01 18 01 22 
00 00 00 00 00 0a 00 1b 00 04 00 00 00 00 01 0e 01 18 01 22 
00 00 00 00 00 0a 00 1c 00 04 00 00 00 00 01 0e 01 18 01 22 
00 00 00 00 00 0a 00 1c 00 04 00 00 00 00 01 0e 01 18 01 22 
00 00 00 00 00 0a 00 1c 00 04 00 00 00 00 01 0e 01 18 01 22 
00 00 00 00 00 0a 00 1d 00 04 00 00 00 00 01 0e 01 18 01 22 
00 00 00 00 00 0a 00 1d 00 04 00 00 00 00 01 0e 01 18 01 22 
00 00 00 00 00 0a 00 1d 00 04 00 00 00 00 01 0e 01 18 01 22 
00 00 00 00 00 0a 00 1e 00 04 00 00 00 00 01 0e 01 18 01 22 
00 00 00 00 00 0a 00 1e 00 04 00 00 00 00 01 0e 01 18 01 22 
00 ff 00 ff 00 ff 00 ff 00 ff 00 ff 00 ff 00 ff 00 ff 00 ff 
00 00 00 00 00 0a 00 1e 00 04 00 00 00 00 01 0e 01 18 01 22 
00 ff 00 ff 00 ff 00 ff 00 ff 00 ff 00 ff 00 ff 00 ff 00 ff 
00 00 00 00 00 0a 00 1f 00 04 00 00 00 00 01 0e 01 18 01 22 
00 00 00 00 00 0a 00 1f 00 04 00 00 00 00 01 0e 01 18 01 22 
00 00 00 00 00 0a 00 20 00 04 00 00 00 00 01 0e 01 18 01 22 
00 ff 00 ff 00 ff 00 ff 00 ff 00 ff 00 ff 00 ff 00 ff 00 ff 
00 00 00 00 00 0a 00 20 00 04 00 00 00 00 01 0e 01 18 01 22 
00 00 00 00 00 0a 00 20 00 04 00 00 00 00 01 0e 01 18 01 22 
00 00 00 00 00 0a 00 21 00 04 00 00 00 00 01 0e 01 18 01 22 
00 00 00 00 00 0a 00 21 00 04 00 00 00 00 01 0e 01 18 01 22 
00 00 00 00 00 0a 00 21 00 04 00 00 00 00 01 0e 01 18 01 22 
00 00 00 00 00 0a 00 22 00 04 00 00 00 00 01 0e 01 18 01 22 
00 00 00 00 00 0a 00 22 00 04 00 00 00 00 01 0e 01 18 01 22 
00 00 00 00 00 0a 00 22 00 04 00 00 00 00 01 0e 01 18 01 22 
00 ff 00 ff 00 ff 00 ff 00 ff 00 ff 00 ff 00 ff 00 ff 00 ff 
00 00 00 00 00 0a 00 23 00 04 00 00 00 00 01 0e 01 18 01 22 
00 ff 00 ff 00 ff 00 ff 00 ff 00 ff 00 ff 00 ff 00 ff 00 ff 
00 00 00 00 00 0a 00 23 00 04 00 00 00 00 01 0e 01 18 01 22 
00 00 00 00 00 0a 00 23 00 04 00 00 00 00 01 0e 01 18 01 22 
00 00 00 00 00 0a 00 24 00 04 00 00 00 00 01 0e 01 18 01 22 
00 00 00 00 00 0a 00 24 00 04 00 00 00 00 01 0e 01 18 01 22 
00 00 00 00 00 0a 00 24 00 04 00 00 00 00 01 0e 01 18 01 22 
00 00 00 00 00 0a 00 25 00 04 00 00 00 00 01 0e 01 18 01 22 
00 00 00 00 00 0a 00 25 00 04 00 00 00 00 01 0e 01 18 01 22 
00 00 00 00 00 0a 00 25 00 04 00 00 00 00 01 0e 01 18 01 22 
00 00 00 00 00 0a 00 26 00 04 00 00 00 00 01 0e 01 18 01 22 
00 ff 00 ff 00 ff 00 ff 00 ff 00 ff 00 ff 00 ff 00 ff 00 ff 
00 00 00 00 00 0a 00 26 00 04 00 00 00 00 01 0e 01 18 01 22 
00 00 00 00 00 0a 00 26 00 04 00 00 00 00 01 0e 01 18 01 22 
00 00 00 00 00 0a 00 27 00 04 00 00 00 00 01 0e 01 18 01 22 
00 00 00 00 00 0a 00 27 00 04 00 00 00 00 01 0e 01 18 01 22 
00 00 00 00 00 0a 00 27 00 04 00 00 00 00 01 0e 01 18 01 22 
00 00 00 00 00 0a 00 28 00 04 00 00 00 00 01 0e 01 18 01 22 
00 00 00 00 00 0a 00 28 00 04 00 00 00 00 01 0e 01 18 01 22 
11 27 00 ad 00 0a 00 28 00 04 00 00 00 00 01 0e 01 18 01 22 
11 27 00 ad 00 0a 00 29 00 04 00 00 00 00 01 0e 01 18 01 22 
11 27 00 ad 00 0a 00 29 00 04 00 00 00 00 01 0e 01 18 01 22 
11 27 00 ad 00 0a 00 29 00 04 00 00 00 00 01 0e 01 18 01 22 
11 27 00 ad 00 0a 00 2a 00 04 00 00 00 00 01 0e 01 18 01 22 
11 27 00 ad 00 0a 00 2a 00 04 00 00 00 00 01 0e 01 18 01 22 
00 ff 00 ff 00 ff 00 ff 00 ff 00 ff 00 ff 00 ff 00 ff 00 ff 
11 27 00 ad 00 0a 00 2a 00 04 00 00 00 00 01 0e 01 18 01 22 
11 27 00 ad 00 0a 00 2b 00 04 00 00 00 00 01 0e 01 18 01 22 
11 27 00 ad 00 0a 00 2b 00 04 00 00 00 00 01 0e 01 18 01 22 
11 27 00 ad 00 0a 00 2b 00 04 00 00 00 00 01 0e 01 18 01 22 
11 27 00 ad 00 0a 00 2c 00 04 00 00 00 00 01 0e 01 18 01 22 
11 27 00 ad 00 0a 00 2c 00 04 00 00 00 00 01 0e 01 18 01 22 
11 27 00 ad 00 0a 00 2c 00 04 00 00 00 00 01 0e 01 18 01 22 
11 27 00 ad 00 0a 00 2d 00 04 00 00 00 00 01 0e 01 18 01 22 
11 27 00 ad 00 0a 00 2d 00 04 00 00 00 00 01 0e 01 18 01 22 
11 27 00 ad 00 0a 00 2d 00 04 00 00 00 00 01 0e 01 18 01 22 
11 27 00 ad 00 0a 00 2e 00 04 00 00 00 00 01 0e 01 18 01 22 
11 27 00 ad 00 0a 00 2e 00 04 00 00 00 00 01 0e 01 18 01 22 
11 27 00 ad 00 0a 00 2e 00 04 00 00 00 00 01 0e 01 18 01 22 
11 27 00 ad 00 0a 00 2f 00 04 00 00 00 00 01 0e 01 18 01 22 
11 27 00 ad 00 0a 00 2f 00 04 00 00 00 00 01 0e 01 18 01 22 
11 27 00 ad 00 0a 00 2f 00 04 00 00 00 00 01 0e 01 18 01 22 
11 27 00 ad 00 0a 00 30 00 04 00 00 00 00 01 0e 01 18 01 22 
11 27 00 ad 00 0a 00 30 00 04 00 00 00 00 01 0e 01 18 01 22 
11 27 00 ad 00 0a 00 30 00 04 00 00 00 00 01 0e 01 18 01 22 
11 27 00 ad 00 0a 00 31 00 04 00 00 00 00 01 0e 01 18 01 22 
11 27 00 ad 00 0a 00 31 00 04 00 00 00 00 01 0e 01 18 01 22 
11 27 00 ad 00 0a 00 31 00 04 00 00 00 00 01 0e 01 18 01 22 
11 27 00 ad 00 0a 00 32 00 04 00 00 00 00 01 0e 01 18 01 22 
11 27 00 ad 00 0a 00 32 00 04 00 00 00 00 01 0e 01 18 01 22 
11 27 00 ad 00 0a 00 32 00 04 00 00 00 00 01 0e 01 18 01 22 
11 27 00 ad 00 0a 00 33 00 04 00 00 00 00 01 0e 01 18 01 22 
11 27 00 ad 00 0a 00 33 00 04 00 00 00 00 01 0e 01 18 01 22 
11 27 00 ad 00 0a 00 33 00 04 00 00 00 00 01 0e 01 18 01 22 
11 27 00 ad 00 0a 00 34 00 04 00 00 00 00 01 0e 01 18 01 22 
11 27 00 ad 00 0a 00 34 00 04 00 00 00 00 01 0e 01 18 01 22 
11 27 00 ad 00 0a 00 34 00 04 00 00 00 00 01 0e 01 18 01 22 
11 27 00 ad 00 0a 00 35 00 04 00 00 00 00 01 0e 01 18 01 22 
11 27 00 ad 00 0a 00 35 00 04 00 00 00 00 01 0e 01 18 01 22 
11 27 00 ad 00 0a 00 35 00 04 00 00 00 00 01 0e 01 18 01 22 
11 27 00 ad 00 0a 00 36 00 04 00 00 00 00 01 0e 01 18 01 22 
11 27 00 ad 00 0a 00 36 00 04 00 00 00 00 01 0e 01 18 01 22 
11 27 00 ad 00 0a 00 36 00 04 00 00 00 00 01 0e 01 18 01 22 
11 27 00 ad 00 0a 00 37 00 04 00 00 00 00 01 0e 01 18 01 22 
11 27 00 ad 00 0a 00 37 00 04 00 00 00 00 01 0e 01 18 01 22 
11 27 00 ad 00 0a 00 37 00 04 00 00 00 00 01 0e 01 18 01 22 
11 27 00 ad 00 0a 00 38 00 04 00 00 00 00 01 0e 01 18 01 22 
11 27 00 ad 00 0a 00 38 00 04 00 00 00 00 01 0e 01 18 01 22 
11 27 00 ad 00 0a 00 38 00 04 00 00 00 00 01 0e 01 18 01 22 
11 27 00 ad 00 0a 00 39 00 04 00 00 00 00 01 0e 01 18 01 22 
11 27 00 ad 00 0a 00 39 00 04 00 00 00 00 01 0e 01 18 01 22 
11 27 00 ad 00 0a 00 39 00 04 00 00 00 00 01 0e 01 18 01 22 
11 27 00 ad 00 0a 00 39 00 04 00 00 00 00 01 0e 01 18 01 22 
11 27 00 ad 00 0a 00 39 00 04 00 00 00 00 01 0e 01 18 01 22 
11 27 00 ad 00 0a 00 39 00 04 00 00 00 00 01 0e 01 18 01 22 
11 27 00 ad 00 0a 00 39 00 04 00 00 00 00 01 0e 01 18 01 22 
11 27 00 ad 00 0a 00 39 00 04 00 00 00 00 01 0e 01 18 01 22 
11 27 00 ad 00 0a 00 39 00 04 00 00 00 00 01 0e 01 18 01 22 
11 27 00 ad 00 0a 00 39 00 04 00 00 00 00 01 0e 01 18 01 22 
11 27 00 ad 00 0a 00 39 00 04 00 00 00 00 01 0e 01 18 01 22 
11 27 00 ad 00 0a 00 39 00 04 00 00 00 00 01 0e 01 18 01 22 
11 27 00 ad 00 0a 00 39 00 04 00 00 00 00 01 0e 01 18 01 22 
11 27 00 ad 00 0a 00 39 00 04 00 00 00 00 01 0e 01 18 01 22 
11 27 00 ad 00 0a 00 39 00 04 00 00 00 00 01 0e 01 18 01 22 
11 27 00 ad 00 0a 00 39 00 04 00 00 00 00 01 0e 01 18 01 22 
11 27 00 ad 00 0a 00 39 00 04 00 00 00 00 01 0e 01 18 01 22 
11 27 00 ad 00 0a 00 39 00 04 00 00 00 00 01 0e 01 18 01 22 
11 27 00 ad 00 0a 00 39 00 04 00 00 00 00 01 0e 01 18 01 22 
11 27 00 ad 00 0a 00 39 00 04 00 00 00 00 01 0e 01 18 01 22 
11 27 00 ad 00 0a 00 39 00 04 00 00 00 00 01 0e 01 18 01 22 
11 27 00 ad 00 0a 00 39 00 04 00 00 00 00 01 0e 01 18 01 22 
11 27 00 ad 00 0a 00 39 00 04 00 00 00 00 01 0e 01 18 01 22 
11 27 00 ad 00 0a 00 39 00 04 00 00 00 00 01 0e 01 18 01 22 
00 ff 00 ff 00 ff 00 ff 00 ff 00 ff 00 ff 00 ff 00 ff 00 ff 
11 27 00 ad 00 0a 00 39 00 04 00 00 00 00 01 0e 01 18 01 22 
11 27 00 ad 00 0a 00 39 00 04 00 00 00 00 01 0e 01 18 01 22 
11 27 00 ad 00 0a 00 39 00 04 00 00 00 00 01 0e 01 18 01 22 
11 27 00 ad 00 0a 00 39 00 04 00 00 00 00 01 0e 01 18 01 22 
00 ff 00 ff 00 ff 00 ff 00 ff 00 ff 00 ff 00 ff 00 ff 00 ff 
11 27 00 ad 00 0a 00 39 00 04 00 00 00 00 01 0e 01 18 01 22 
11 27 00 ad 00 0a 00 39 00 04 00 00 00 00 01 0e 01 18 01 22 
00 ff 00 ff 00 ff 00 ff 00 ff 00 ff 00 ff 00 ff 00 ff 00 ff 
11 27 00 ad 00 0f 00 1f 00 04 00 00 00 00 01 0e 01 18 01 22 
11 27 00 ad 00 0f 00 20 00 04 00 00 00 00 01 0e 01 18 01 22 
11 27 00 ad 00 0f 00 20 00 04 00 00 00 00 01 0e 01 18 01 22 
11 27 00 ad 00 0f 00 20 00 04 00 00 00 00 01 0e 01 18 01 22 
11 27 00 ad 00 0f 00 21 00 04 00 00 00 00 01 0e 01 18 01 22 
11 27 00 ad 00 0f 00 21 00 04 00 00 00 00 01 0e 01 18 01 22 
11 27 00 ad 00 0f 00 21 00 04 00 00 00 00 01 0e 01 18 01 22 
11 27 00 ad 00 0f 00 22 00 04 00 00 00 00 01 0e 01 18 01 22 
11 27 00 ad 00 0f 00 22 00 04 00 00 00 00 01 0e 01 18 01 22 
11 27 00 ad 00 0f 00 22 00 04 00 00 00 00 01 0e 01 18 01 22 
11 27 00 ad 00 0f 00 23 00 04 00 00 00 00 01 0e 01 18 01 22 
11 27 00 ad 00 0f 00 23 00 04 00 00 00 00 01 0e 01 18 01 22 
11 27 00 ad 00 0f 00 23 00 04 00 00 00 00 01 0e 01 18 01 22 
11 27 00 ad 00 0f 00 24 00 04 00 00 00 00 01 0e 01 18 01 22 
11 27 00 ad 00 0f 00 24 00 04 00 00 00 00 01 0e 01 18 01 22 
11 27 00 ad 00 0f 00 24 00 04 00 00 00 00 01 0e 01 18 01 22 
11 27 00 ad 00 0f 00 25 00 04 00 00 00 00 01 0e 01 18 01 22 
11 27 00 ad 00 0f 00 25 00 04 00 00 00 00 01 0e 01 18 01 22 
11 27 00 ad 00 0f 00 25 00 04 00 00 00 00 01 0e 01 18 01 22 
11 27 00 ad 00 0f 00 26 00 04 00 00 00 00 01 0e 01 18 01 22 
11 27 00 ad 00 0f 00 26 00 04 00 00 00 00 01 0e 01 18 01 22 
11 27 00 ad 00 0f 00 26 00 04 00 00 00 00 01 0e 01 18 01 22 
11 27 00 ad 00 0f 00 27 00 04 00 00 00 00 01 0e 01 18 01 22 
11 27 00 ad 00 0f 00 27 00 04 00 00 00 00 01 0e 01 18 01 22 
11 27 00 ad 00 0f 00 27 00 04 00 00 00 00 01 0e 01 18 01 22 
11 27 00 ad 00 0f 00 28 00 04 00 00 00 00 01 0e 01 18 01 22 
11 27 00 ad 00 0f 00 28 00 04 00 00 00 00 01 0e 01 18 01 22 
11 27 00 ad 00 0f 00 28 00 04 00 00 00 00 01 0e 01 18 01 22 
11 27 00 ad 00 0f 00 29 00 04 00 00 00 00 01 0e 01 18 01 22 
11 27 00 ad 00 0f 00 29 00 04 00 00 00 00 01 0e 01 18 01 22 
11 27 00 ad 00 0f 00 29 00 04 00 00 00 00 01 0e 01 18 01 22 
11 27 00 ad 00 0f 00 2a 00 04 00 00 00 00 01 0e 01 18 01 22 
11 27 00 ad 00 0f 00 2a 00 04 00 00 00 00 01 0e 01 18 01 22 
11 27 00 ad 00 0f 00 2a 00 04 00 00 00 00 01 0e 01 18 01 22 
11 27 00 ad 00 0f 00 2b 00 04 00 00 00 00 01 0e 01 18 01 22 
11 27 00 ad 00 0f 00 2b 00 04 00 00 00 00 01 0e 01 18 01 22 
11 27 00 ad 00 0f 00 2b 00 04 00 00 00 00 01 0e 01 18 01 22 
11 27 00 ad 00 0f 00 2c 00 04 00 00 00 00 01 0e 01 18 01 22 
11 27 00 ad 00 0f 00 2c 00 04 00 00 00 00 01 0e 01 18 01 22 
11 27 00 ad 00 0f 00 2c 00 04 00 00 00 00 01 0e 01 18 01 22 
11 27 00 ad 00 0f 00 2d 00 04 00 00 00 00 01 0e 01 18 01 22 
11 27 00 ad 00 0f 00 2d 00 04 00 00 00 00 01 0e 01 18 01 22 
11 27 00 ad 00 0f 00 2d 00 04 00 00 00 00 01 0e 01 18 01 22 
11 27 00 ad 00 0f 00 2e 00 04 00 00 00 00 01 0e 01 18 01 22 
11 27 00 ad 00 0f 00 2e 00 04 00 00 00 00 01 0e 01 18 01 22 
11 27 00 ad 00 0f 00 2e 00 04 00 00 00 00 01 0e 01 18 01 22 
11 27 00 ad 00 0f 00 2f 00 04 00 00 00 00 01 0e 01 18 01 22 
11 27 00 ad 00 0f 00 2f 00 04 00 00 00 00 01 0e 01 18 01 22 
11 27 00 ad 00 0f 00 2f 00 04 00 00 00 00 01 0e 01 18 01 22 
11 27 00 ad 00 0f 00 30 00 04 00 00 00 00 01 0e 01 18 01 22 
11 27 00 ad 00 0f 00 30 00 04 00 00 00 00 01 0e 01 18 01 22 
11 27 00 ad 00 0f 00 30 00 04 00 00 00 00 01 0e 01 18 01 22 
11 27 00 ad 00 0f 00 31 00 04 00 00 00 00 01 0e 01 18 01 22 
11 27 00 ad 00 0f 00 31 00 04 00 00 00 00 01 0e 01 18 01 22 
11 27 00 ad 00 0f 00 31 00 04 00 00 00 00 01 0e 01 18 01 22 
11 27 00 ad 00 0f 00 32 00 04 00 00 00 00 01 0e 01 18 01 22 
11 27 00 ad 00 0f 00 32 00 04 00 00 00 00 01 0e 01 18 01 22 
11 27 00 ad 00 0f 00 32 00 04 00 00 00 00 01 0e 01 18 01 22 
11 27 00 ad 00 0f 00 33 00 04 00 00 00 00 01 0e 01 18 01 22 
00 ff 00 ff 00 ff 00 ff 00 ff 00 ff 00 ff 00 ff 00 ff 00 ff 
11 27 00 ad 00 0f 00 35 00 04 00 00 00 00 01 0e 01 18 01 22 
00 ff 00 ff 00 ff 00 ff 00 ff 00 ff 00 ff 00 ff 00 ff 00 ff 
11 27 00 ad 00 0f 00 36 00 04 00 00 00 00 01 0e 01 18 01 22 
11 27 00 ad 00 0f 00 36 00 04 00 00 00 00 01 0e 01 18 01 22 
11 27 00 ad 00 0f 00 36 00 04 00 00 00 00 01 0e 01 18 01 22 
11 27 00 ad 00 0f 00 37 00 04 00 00 00 00 01 0e 01 18 01 22 
11 27 00 ad 00 0f 00 37 00 04 00 00 00 00 01 0e 01 18 01 22 
11 27 00 ad 00 0f 00 37 00 04 00 00 00 00 01 0e 01 18 01 22 
11 27 00 ad 00 0f 00 38 00 04 00 00 00 00 01 0e 01 18 01 22 
11 27 00 ad 00 0f 00 38 00 04 00 00 00 00 01 0e 01 18 01 22 
11 27 00 ad 00 0f 00 38 00 04 00 00 00 00 01 0e 01 18 01 22 
11 27 00 ad 00 0f 00 39 00 04 00 00 00 00 01 0e 01 18 01 22 
11 27 00 ad 00 0f 00 39 00 04 00 00 00 00 01 0e 01 18 01 22 
11 27 00 ad 00 0f 00 39 00 04 00 00 00 00 01 0e 01 18 01 22 
11 27 00 ad 00 0f 00 3a 00 04 00 00 00 00 01 0e 01 18 01 22 
11 27 00 ad 00 0f 00 3a 00 04 00 00 00 00 01 0e 01 18 01 22 
11 27 00 ad 00 0f 00 3a 00 04 00 00 00 00 01 0e 01 18 01 22 
11 27 00 ad 00 0f 00 3b 00 04 00 00 00 00 01 0e 01 18 01 22 
11 27 00 ad 00 0f 00 3b 00 04 00 00 00 00 01 0e 01 18 01 22 
11 27 00 ad 00 0f 00 3b 00 04 00 00 00 00 01 0e 01 18 01 22 
11 27 00 ad 00 10 00 00 00 04 00 00 00 00 01 0e 01 18 01 22 
11 27 00 ad 00 10 00 00 00 04 00 00 00 00 01 0e 01 18 01 22 
00 ff 00 ff 00 ff 00 ff 00 ff 00 ff 00 ff 00 ff 00 ff 00 ff 
